[0, 1, 2, 3, 4, 6, 7, 10, 11, 12, 14, 16, 17, 19, 20, 22, 27, 30, 31, 34, 36, 39, 46, 48, 49, 51, 52, 53, 56, 60, 61, 62, 64, 66, 67, 68, 69, 71, 77, 78, 79, 83, 84, 86, 87, 88, 89, 91, 92, 93, 95, 99, 103, 104, 105, 106, 108, 113, 115, 116, 119, 121, 122, 124, 125, 132, 133, 135, 136, 137, 138, 143, 144, 145, 148, 150, 156, 158, 159, 160, 162, 163, 164, 167, 170, 171, 173, 174, 177, 178, 181, 183, 184, 186, 191, 193, 194, 196, 199]
The accuracy rate is: 0.495+'
'[5, 8, 9, 13, 15, 18, 21, 23, 24, 25, 26, 28, 29, 32, 33, 35, 37, 38, 40, 41, 42, 43, 44, 45, 47, 50, 54, 55, 57, 58, 59, 63, 65, 70, 72, 73, 74, 75, 76, 80, 81, 82, 85, 90, 94, 96, 97, 98, 100, 101, 102, 107, 109, 110, 111, 112, 114, 117, 118, 120, 123, 126, 127, 128, 129, 130, 131, 134, 139, 140, 141, 142, 146, 147, 149, 151, 152, 153, 154, 155, 157, 161, 165, 166, 168, 169, 172, 175, 176, 179, 180, 182, 185, 187, 188, 189, 190, 192, 195, 197, 198]
The uncorrect answer rate is: 0.505+'
'[5, 35, 43, 44, 54, 55, 80, 101, 102, 123, 129, 139, 141, 187]
The fuzzy answer rate is: 0.07+'
'[176]
The non-response rate is: 0.005+'
'[]
The strange answer rate is: 0.0+'
'